0.000000
1.430000
0.880000
0.330000
1.760000
1.210000
0.660000
0.110000
1.540000
0.990000
0.440000
1.870000
1.320000
0.770000
0.220000
1.650000
1.100000
0.550000
0.000000
1.430000
0.880000
0.330000
1.760000
1.210000
0.660000
0.110000
1.540000
0.990000
0.440000
1.870000
1.320000
0.770000
0.220000
1.650000
1.100000
0.550000
0.000000
1.430000
0.880000
0.330000
1.760000
1.210000
0.660000
0.110000
1.540000
0.990000
0.440000
1.870000
1.320000
0.770000
0.220000
1.650000
1.100000
0.550000
0.000000
1.430000
0.880000
0.330000
1.760000
1.210000
0.660000
0.110000
1.540000
0.990000
0.440000
1.870000
1.320000
0.770000
0.220000
1.650000
1.100000
0.550000
